%YAML:1.0
---
calibration_Time: "czw, 12 kwi 2018, 16:51:59"
nrOfFrames: 10
image_Width: 1920
image_Height: 1080
board_Width: 9
board_Height: 6
square_Size: 50
Camera_Matrix: !!opencv-matrix
   rows: 3
   cols: 3
   dt: d
   data: [ 1.0362507157825623e+03, 0., 9.1710883149757478e+02, 0.,
       1.0450419587392280e+03, 5.3057563241767343e+02, 0., 0., 1. ]
Distortion_Coefficients: !!opencv-matrix
   rows: 5
   cols: 1
   dt: d
   data: [ 2.7232734582647480e-02, 2.0616759750681202e-01,
       -3.0824222660307886e-03, 4.6487524337924186e-03,
       -3.4791069965605614e-01 ]
Avg_Reprojection_Error: 7.1022600173527473e-01
Per_View_Reprojection_Errors: !!opencv-matrix
   rows: 10
   cols: 1
   dt: f
   data: [ 4.11573350e-01, 5.17763555e-01, 7.92287350e-01,
       1.04621398e+00, 1.05507934e+00, 3.78324956e-01, 4.22222733e-01,
       3.93425673e-01, 8.34572732e-01, 7.73670197e-01 ]
Extrinsic_Parameters: !!opencv-matrix
   rows: 10
   cols: 6
   dt: d
   data: [ 1.8771726184056065e-02, -1.6280376120050016e-01,
       -6.0955702803126351e-02, -1.9106668545355397e+01,
       -1.3116149890688143e+02, 9.7643138161322418e+02,
       -2.8501752694713403e-02, -1.6235808001613000e-01,
       -7.4410512253560213e-02, 4.3481343622338841e+01,
       8.5939334005168803e+01, 1.0277403902815054e+03,
       -4.7354391360077963e-02, -2.1913170987981431e-01,
       -9.2792389044528023e-02, 2.4214993968547509e+02,
       1.4795511555644910e+02, 1.0082147673184811e+03,
       -1.6312009440515984e-01, -4.0934836056298435e-01,
       -4.5136719555955301e-02, 9.6723258576753878e+01,
       -3.3877017994566012e+02, 1.0865513981340309e+03,
       -1.4063476473478551e-01, -5.1746143272664846e-01,
       -7.4489784949040181e-03, 3.2780932657106952e+01,
       -4.4912606892294173e+02, 1.1505181042452730e+03,
       4.3076306375013926e-03, -1.7582496508553136e-01,
       1.4711511575419271e-02, -3.8853264713915632e+02,
       -3.8458521661803832e+02, 1.1621070985010351e+03,
       -3.2019945364101396e-02, -1.8530637258606666e-01,
       -1.6447341669012679e-02, -5.3480357705805477e+02,
       -3.3592276637834914e+02, 1.1180328946036113e+03,
       2.1005165064491701e-03, -1.7542056028258929e-01,
       -3.5468164059636785e-02, -3.0618900685232521e+01,
       -8.6724771401882066e+01, 1.2709220584746711e+03,
       -1.8816887928362222e-01, -2.0623346312546592e-01,
       -5.4491516385933712e-02, 4.6415249634534791e+02,
       -1.5033285584414887e+02, 1.2654016108373914e+03,
       -4.6202222499771529e-03, -2.9416768359958312e-01,
       -9.3383151296825506e-02, 7.1753478726933622e+01,
       -4.5080903149830965e+02, 1.1868867642618995e+03 ]
Image_points: !!opencv-matrix
   rows: 10
   cols: 54
   dt: "2f"
   data: [ 8.97348145e+02, 3.89665771e+02, 9.49155823e+02,
       3.87533905e+02, 9.99658264e+02, 3.85664764e+02, 1.04998511e+03,
       3.83578644e+02, 1.10024524e+03, 3.81262543e+02, 1.14987573e+03,
       3.78689850e+02, 1.19929736e+03, 3.76235352e+02, 1.24798535e+03,
       3.73825043e+02, 1.29581262e+03, 3.71548126e+02, 9.00485840e+02,
       4.43568848e+02, 9.51976746e+02, 4.41005463e+02, 1.00224011e+03,
       4.38562042e+02, 1.05322339e+03, 4.35762909e+02, 1.10324329e+03,
       4.33206512e+02, 1.15318787e+03, 4.30273834e+02, 1.20189197e+03,
       4.27755402e+02, 1.25002234e+03, 4.25026276e+02, 1.29799548e+03,
       4.22699097e+02, 9.03374146e+02, 4.97038239e+02, 9.54660522e+02,
       4.93983337e+02, 1.00552679e+03, 4.91014374e+02, 1.05631238e+03,
       4.87780853e+02, 1.10649121e+03, 4.84974670e+02, 1.15563025e+03,
       4.81879700e+02, 1.20411047e+03, 4.79019104e+02, 1.25216028e+03,
       4.76204712e+02, 1.29956677e+03, 4.73373047e+02, 9.06346069e+02,
       5.50336792e+02, 9.57877075e+02, 5.46967590e+02, 1.00863898e+03,
       5.43534119e+02, 1.05955151e+03, 5.40094727e+02, 1.10951221e+03,
       5.36754822e+02, 1.15850952e+03, 5.33555969e+02, 1.20668237e+03,
       5.30188782e+02, 1.25451746e+03, 5.27036865e+02, 1.30154932e+03,
       5.24010864e+02, 9.09581238e+02, 6.03304932e+02, 9.61064331e+02,
       5.99503052e+02, 1.01203229e+03, 5.95877869e+02, 1.06283459e+03,
       5.92122131e+02, 1.11233813e+03, 5.88313660e+02, 1.16097583e+03,
       5.84776123e+02, 1.20940161e+03, 5.81193298e+02, 1.25717175e+03,
       5.77537781e+02, 1.30440222e+03, 5.74410339e+02, 9.12927490e+02,
       6.56308044e+02, 9.64442627e+02, 6.52151245e+02, 1.01515936e+03,
       6.47910767e+02, 1.06547107e+03, 6.43924011e+02, 1.11464099e+03,
       6.39715393e+02, 1.16342651e+03, 6.35719971e+02, 1.21175659e+03,
       6.31853333e+02, 1.25964062e+03, 6.28235535e+02, 1.30700513e+03,
       6.24548828e+02, 9.61545166e+02, 6.18035400e+02, 1.01056726e+03,
       6.13664124e+02, 1.05766846e+03, 6.09426819e+02, 1.10508948e+03,
       6.05350037e+02, 1.15218555e+03, 6.01339539e+02, 1.19921338e+03,
       5.97375122e+02, 1.24577649e+03, 5.93110474e+02, 1.29202600e+03,
       5.89317383e+02, 1.33754761e+03, 5.85631226e+02, 9.65474609e+02,
       6.68831055e+02, 1.01404388e+03, 6.64374573e+02, 1.06127283e+03,
       6.59489380e+02, 1.10940198e+03, 6.54830383e+02, 1.15689746e+03,
       6.50541931e+02, 1.20424976e+03, 6.46293396e+02, 1.25082471e+03,
       6.42109375e+02, 1.29659521e+03, 6.38058960e+02, 1.34222510e+03,
       6.33947510e+02, 9.69312561e+02, 7.19465637e+02, 1.01751880e+03,
       7.14399231e+02, 1.06556506e+03, 7.09475037e+02, 1.11398572e+03,
       7.04640991e+02, 1.16189685e+03, 7.00416992e+02, 1.20878027e+03,
       6.95679626e+02, 1.25504578e+03, 6.91217590e+02, 1.30075024e+03,
       6.86560059e+02, 1.34566064e+03, 6.82342102e+02, 9.72770325e+02,
       7.70529114e+02, 1.02169409e+03, 7.65422302e+02, 1.07020544e+03,
       7.60206848e+02, 1.11876453e+03, 7.55317566e+02, 1.16641760e+03,
       7.50407837e+02, 1.21327673e+03, 7.45420654e+02, 1.25938452e+03,
       7.40403198e+02, 1.30505225e+03, 7.35578857e+02, 1.35005139e+03,
       7.30911194e+02, 9.77046265e+02, 8.22161194e+02, 1.02638831e+03,
       8.16616821e+02, 1.07483301e+03, 8.11192261e+02, 1.12340112e+03,
       8.05898132e+02, 1.17074048e+03, 8.00564575e+02, 1.21749646e+03,
       7.95210510e+02, 1.26396191e+03, 7.89902161e+02, 1.30960498e+03,
       7.84849426e+02, 1.35482471e+03, 7.80047119e+02, 9.81300537e+02,
       8.74010986e+02, 1.03063586e+03, 8.68066895e+02, 1.07938696e+03,
       8.62116516e+02, 1.12754565e+03, 8.56309875e+02, 1.17483936e+03,
       8.50503967e+02, 1.22165430e+03, 8.44793274e+02, 1.26826343e+03,
       8.39364014e+02, 1.31432349e+03, 8.34268311e+02, 1.35978198e+03,
       8.29140381e+02, 1.16874231e+03, 6.84446594e+02, 1.21633594e+03,
       6.78599060e+02, 1.26132263e+03, 6.72537659e+02, 1.30661584e+03,
       6.66786133e+02, 1.35219275e+03, 6.61321838e+02, 1.39751001e+03,
       6.55820801e+02, 1.44263354e+03, 6.50495972e+02, 1.48670801e+03,
       6.45364136e+02, 1.52971460e+03, 6.40317627e+02, 1.17423108e+03,
       7.36819031e+02, 1.22153979e+03, 7.30358887e+02, 1.26655908e+03,
       7.23742615e+02, 1.31302588e+03, 7.17723694e+02, 1.35909253e+03,
       7.11833618e+02, 1.40517737e+03, 7.06179810e+02, 1.45003723e+03,
       7.00333008e+02, 1.49397754e+03, 6.94595398e+02, 1.53669324e+03,
       6.89191772e+02, 1.17971741e+03, 7.89390015e+02, 1.22631287e+03,
       7.82197021e+02, 1.27308533e+03, 7.75448914e+02, 1.32017163e+03,
       7.68926819e+02, 1.36651587e+03, 7.62741211e+02, 1.41225391e+03,
       7.56482300e+02, 1.45676721e+03, 7.50275330e+02, 1.49967908e+03,
       7.44075928e+02, 1.54169971e+03, 7.38182678e+02, 1.18477954e+03,
       8.42227356e+02, 1.23262048e+03, 8.34899292e+02, 1.27985681e+03,
       8.27715637e+02, 1.32755115e+03, 8.20971375e+02, 1.37408984e+03,
       8.14206665e+02, 1.41879102e+03, 8.07508606e+02, 1.46284875e+03,
       8.00597473e+02, 1.50553833e+03, 7.93714233e+02, 1.54736938e+03,
       7.87312988e+02, 1.19128308e+03, 8.95906738e+02, 1.23944214e+03,
       8.88049622e+02, 1.28707007e+03, 8.80650146e+02, 1.33443005e+03,
