%YAML:1.0
---
calibration_Time: "czw, 12 kwi 2018, 16:51:59"
board_Width: 9
board_Height: 6
square_Size: 50
Rotation: !!opencv-matrix
   rows: 3
   cols: 3
   dt: d
   data: [ 9.9999232700921825e-01, 3.6775929098664438e-03,
       1.3495306880697919e-03, -3.6793881000976780e-03,
       9.9999234634609402e-01, 1.3301700802069458e-03,
       -1.3446285351730656e-03, -1.3351253209786019e-03,
       9.9999820470562828e-01 ]
Translation: !!opencv-matrix
   rows: 3
   cols: 1
   dt: d
   data: [ -1.1221425337931113e+02, -3.3373152472137182e+00,
       -3.2360493187560908e+00 ]
Essential: !!opencv-matrix
   rows: 3
   cols: 3
   dt: d
   data: [ -7.4192320424886398e-03, 3.2404802852452255e+00,
       -3.3330047597685546e+00, -3.3869109757264608e+00,
       -1.6172096309206246e-01, 1.1220968477382984e+02,
       3.7501694285697735e+00, -1.1220112124336130e+02,
       -1.4476023307604269e-01 ]
Fundamental: !!opencv-matrix
   rows: 3
   cols: 3
   dt: d
   data: [ 2.6772175171362632e-09, -1.1594851825954251e-06,
       1.8590475665894162e-03, 1.2097319401098130e-06,
       5.7277334691200859e-08, -4.2671626464794103e-02,
       -7.2951594770089326e-04, 1.4647083451616277e-02, 1. ]
