%YAML:1.0
---
calibration_Time: "czw, 12 kwi 2018, 16:51:59"
nrOfFrames: 10
image_Width: 512
image_Height: 424
board_Width: 9
board_Height: 6
square_Size: 50
Camera_Matrix: !!opencv-matrix
   rows: 3
   cols: 3
   dt: d
   data: [ 3.5794052497958285e+02, 0., 2.4875077295982106e+02, 0.,
       3.6161814046365930e+02, 2.0208584139898642e+02, 0., 0., 1. ]
Distortion_Coefficients: !!opencv-matrix
   rows: 5
   cols: 1
   dt: d
   data: [ 1.5508331628100247e-01, -3.5180792546477968e-01,
       -2.7992008547923536e-03, 4.0579714336820153e-03,
       1.5767637927803929e-01 ]
Avg_Reprojection_Error: 2.3828334029130960e-01
Per_View_Reprojection_Errors: !!opencv-matrix
   rows: 10
   cols: 1
   dt: f
   data: [ 1.50102600e-01, 1.47044435e-01, 2.58984506e-01,
       3.38132381e-01, 3.38829875e-01, 1.71352610e-01, 1.97073445e-01,
       1.32096484e-01, 2.77311891e-01, 2.54702687e-01 ]
Extrinsic_Parameters: !!opencv-matrix
   rows: 10
   cols: 6
   dt: d
   data: [ 1.6382233350394002e-02, -1.6882534947441608e-01,
       -6.4157349915617820e-02, -1.2847126919822296e+02,
       -1.3140497602252540e+02, 9.6740600531194832e+02,
       -2.8822050603247093e-02, -1.5121990722173836e-01,
       -7.8298437107008970e-02, -6.7059428431289177e+01,
       8.3731753517163426e+01, 1.0317798485061048e+03,
       -5.3659471956582140e-02, -2.0407547837370960e-01,
       -9.6636417812860559e-02, 1.3165917323687930e+02,
       1.4498881360699968e+02, 1.0085387159064737e+03,
       -1.6554620435869857e-01, -4.1038125473913617e-01,
       -4.5902158964627932e-02, -1.5042922248706606e+01,
       -3.4137812539766696e+02, 1.0851968676142035e+03,
       -1.4182832706986223e-01, -5.1629815450327687e-01,
       -9.2481999442447851e-03, -8.0810609026617996e+01,
       -4.5113613554584521e+02, 1.1514245787186962e+03,
       -8.9660802548290723e-03, -1.5805878016816308e-01,
       1.2659542263592553e-02, -5.0304564069532518e+02,
       -3.8750898085504832e+02, 1.1693947348227757e+03,
       -3.8923490025587135e-02, -1.7036031073092006e-01,
       -1.6593988996161418e-02, -6.5044204545767911e+02,
       -3.3844532885185868e+02, 1.1272879274794961e+03,
       9.4411500672808308e-03, -1.7267176778758864e-01,
       -3.7727361161069506e-02, -1.4169796062127804e+02,
       -8.9283705336884694e+01, 1.2709777353270770e+03,
       -1.9651793714757548e-01, -1.9599608446237243e-01,
       -5.8139030465979298e-02, 3.5285134568734088e+02,
       -1.5283695288849691e+02, 1.2604645988959624e+03,
       -5.4341918258484449e-03, -2.8693244627381664e-01,
       -9.7911582381076834e-02, -4.1106220620610792e+01,
       -4.5374293989523807e+02, 1.1891678456503096e+03 ]
Image_points: !!opencv-matrix
   rows: 10
   cols: 54
   dt: "2f"
   data: [ 2.00985580e+02, 1.52413025e+02, 2.19538834e+02,
       1.52009323e+02, 2.37611908e+02, 1.51255859e+02, 2.55543503e+02,
       1.50578949e+02, 2.73147461e+02, 1.49642242e+02, 2.90604156e+02,
       1.48846603e+02, 3.07970520e+02, 1.47826721e+02, 3.25108978e+02,
       1.47169724e+02, 3.41944550e+02, 1.46168015e+02, 2.02469955e+02,
       1.71462662e+02, 2.20744736e+02, 1.70556152e+02, 2.38663086e+02,
       1.69750153e+02, 2.56610474e+02, 1.68771851e+02, 2.74361633e+02,
       1.67937759e+02, 2.91764252e+02, 1.66751038e+02, 3.09071136e+02,
       1.65936615e+02, 3.26090668e+02, 1.64830032e+02, 3.42853729e+02,
       1.64065308e+02, 2.03679245e+02, 1.90302490e+02, 2.22040558e+02,
       1.89191635e+02, 2.39945663e+02, 1.88074661e+02, 2.57566711e+02,
       1.87105728e+02, 2.75557556e+02, 1.85914261e+02, 2.92681030e+02,
       1.84943222e+02, 3.09880127e+02, 1.83646790e+02, 3.26756958e+02,
       1.82746597e+02, 3.43594086e+02, 1.81611328e+02, 2.04668228e+02,
       2.08929581e+02, 2.23241638e+02, 2.07623199e+02, 2.41368515e+02,
       2.06275620e+02, 2.59030579e+02, 2.05023331e+02, 2.76595520e+02,
       2.04022202e+02, 2.93849091e+02, 2.02712341e+02, 3.10901825e+02,
       2.01656860e+02, 3.27771515e+02, 2.00430557e+02, 3.44509552e+02,
       1.99420090e+02, 2.06028107e+02, 2.27353836e+02, 2.24446487e+02,
       2.26181961e+02, 2.42451126e+02, 2.24623840e+02, 2.60318329e+02,
       2.23314301e+02, 2.77757599e+02, 2.21926193e+02, 2.94817841e+02,
       2.20779144e+02, 3.11890594e+02, 2.19314301e+02, 3.28794525e+02,
       2.18142761e+02, 3.45515289e+02, 2.16893784e+02, 2.07160095e+02,
       2.46170074e+02, 2.25542999e+02, 2.44376099e+02, 2.43578354e+02,
       2.42735764e+02, 2.61410095e+02, 2.41368393e+02, 2.78763397e+02,
       2.39819336e+02, 2.95803772e+02, 2.38366241e+02, 3.12972443e+02,
       2.37078476e+02, 3.29814575e+02, 2.35626282e+02, 3.46559601e+02,
       2.34475830e+02, 2.25525116e+02, 2.31396744e+02, 2.42652725e+02,
       2.30034195e+02, 2.59450195e+02, 2.28456512e+02, 2.76084015e+02,
       2.26960938e+02, 2.92554932e+02, 2.25515778e+02, 3.08990417e+02,
       2.24069473e+02, 3.25347015e+02, 2.22640152e+02, 3.41575928e+02,
       2.21356812e+02, 3.57559082e+02, 2.19997040e+02, 2.26999176e+02,
       2.49025024e+02, 2.44075623e+02, 2.47409348e+02, 2.60698212e+02,
       2.45677048e+02, 2.77605438e+02, 2.44030273e+02, 2.94192657e+02,
       2.42680420e+02, 3.10724670e+02, 2.41045868e+02, 3.26896912e+02,
       2.39627319e+02, 3.43238220e+02, 2.38041748e+02, 3.59109772e+02,
       2.36707230e+02, 2.28337524e+02, 2.66711914e+02, 2.45504181e+02,
       2.64819122e+02, 2.62085449e+02, 2.62983734e+02, 2.79227966e+02,
       2.61440887e+02, 2.95783783e+02, 2.59721527e+02, 3.12403870e+02,
       2.58183807e+02, 3.28528412e+02, 2.56593384e+02, 3.44653290e+02,
       2.54993210e+02, 3.60532562e+02, 2.53535126e+02, 2.29462845e+02,
       2.84431641e+02, 2.46658051e+02, 2.82551758e+02, 2.63654846e+02,
       2.80834076e+02, 2.80788239e+02, 2.78909668e+02, 2.97548920e+02,
       2.77164215e+02, 3.13857361e+02, 2.75432404e+02, 3.30126953e+02,
       2.73809875e+02, 3.46212463e+02, 2.71964630e+02, 3.61944305e+02,
       2.70443329e+02, 2.30864532e+02, 3.02387878e+02, 2.48297302e+02,
       3.00407166e+02, 2.65172363e+02, 2.98322754e+02, 2.82419952e+02,
       2.96475372e+02, 2.98900299e+02, 2.94626678e+02, 3.15403503e+02,
       2.92823151e+02, 3.31642975e+02, 2.90894165e+02, 3.47766724e+02,
       2.89105225e+02, 3.63671631e+02, 2.87450745e+02, 2.32347855e+02,
       3.20543030e+02, 2.49608383e+02, 3.18319580e+02, 2.66734680e+02,
       3.16220825e+02, 2.83713898e+02, 3.14034027e+02, 3.00461304e+02,
       3.12027435e+02, 3.16759979e+02, 3.10027161e+02, 3.33315094e+02,
       3.08109619e+02, 3.49453918e+02, 3.06357483e+02, 3.65475342e+02,
       3.04544434e+02, 2.96343719e+02, 2.54439484e+02, 3.13007324e+02,
       2.52444244e+02, 3.29272522e+02, 2.50135040e+02, 3.45456757e+02,
       2.48270844e+02, 3.61528900e+02, 2.46411865e+02, 3.77533997e+02,
       2.44451721e+02, 3.93497345e+02, 2.42524841e+02, 4.09010254e+02,
       2.40548920e+02, 4.24201752e+02, 2.38806519e+02, 2.98292328e+02,
       2.72574982e+02, 3.14816650e+02, 2.70364807e+02, 3.31033569e+02,
       2.68030640e+02, 3.47557678e+02, 2.65933563e+02, 3.63813293e+02,
       2.63877350e+02, 3.80003418e+02, 2.61817963e+02, 3.95898041e+02,
       2.59671234e+02, 4.11442749e+02, 2.57790314e+02, 4.26464783e+02,
       2.55649399e+02, 3.00018036e+02, 2.90825745e+02, 3.16690186e+02,
       2.88421631e+02, 3.33291962e+02, 2.85947449e+02, 3.49808319e+02,
       2.83790741e+02, 3.66426361e+02, 2.81662781e+02, 3.82511230e+02,
       2.79426727e+02, 3.98332550e+02, 2.77162781e+02, 4.13427643e+02,
       2.74802856e+02, 4.28224518e+02, 2.72609100e+02, 3.01765869e+02,
       3.09402679e+02, 3.18743317e+02, 3.06686615e+02, 3.35633545e+02,
       3.04224060e+02, 3.52448181e+02, 3.01853729e+02, 3.68740234e+02,
       2.99521851e+02, 3.84670288e+02, 2.97161041e+02, 4.00275482e+02,
       2.94532349e+02, 4.15423035e+02, 2.92144806e+02, 4.29939056e+02,
       2.89666016e+02, 3.03982666e+02, 3.27957977e+02, 3.21170044e+02,
       3.25428619e+02, 3.37941956e+02, 3.22579376e+02, 3.54709595e+02,
