%YAML:1.0
---
Marker_0_id: 422
Marker_0_rvec: !!opencv-matrix
   rows: 3
   cols: 1
   dt: f
   data: [ 6.98717892e-01, 1.52926683e+00, 6.63810313e-01 ]
Marker_0_tvec: !!opencv-matrix
   rows: 3
   cols: 1
   dt: f
   data: [ -1.17838812e+00, 1.43698797e-01, 1.74644065e+00 ]
