%YAML:1.0
---
calibration_Time: "czw, 12 kwi 2018, 16:56:53"
nrOfFrames: 9
image_Width: 1920
image_Height: 1080
board_Width: 9
board_Height: 6
square_Size: 50
Camera_Matrix: !!opencv-matrix
   rows: 3
   cols: 3
   dt: d
   data: [ 1.0636686038140581e+03, 0., 9.5289467564334780e+02, 0.,
       1.0624445123633593e+03, 5.3774505157717692e+02, 0., 0., 1. ]
Distortion_Coefficients: !!opencv-matrix
   rows: 5
   cols: 1
   dt: d
   data: [ 5.8622043702351362e-03, 1.4126946927602255e-01,
       -2.2524563987372029e-03, 2.7551922968847282e-03,
       -2.6816908155916386e-01 ]
Avg_Reprojection_Error: 4.0355390958165016e-01
Per_View_Reprojection_Errors: !!opencv-matrix
   rows: 9
   cols: 1
   dt: f
   data: [ 2.99597085e-01, 7.21567154e-01, 2.09872857e-01,
       3.32143068e-01, 2.90694594e-01, 2.66841441e-01, 2.14970559e-01,
       6.61172032e-01, 2.48696774e-01 ]
Extrinsic_Parameters: !!opencv-matrix
   rows: 9
   cols: 6
   dt: d
   data: [ -1.4855671230201725e-01, -9.2274764571291350e-03,
       -9.9006017652233397e-03, -4.9347432157738879e+01,
       -1.3597683319671080e+02, 9.4904257930345341e+02,
       -6.2329972708522940e-01, 3.5355855653986371e-02,
       -3.9972094826821687e-02, -5.1085687710561260e+01,
       -1.4853408936336862e+02, 7.9632347555687818e+02,
       3.5275997893567107e-01, 1.2021592273234878e-01,
       -5.3185074282535730e-02, -1.8805088370546184e+02,
       -3.6195055798089993e+02, 9.9394454523637182e+02,
       -1.0982136020520906e-01, -2.3783822389368500e-01,
       2.3440385517390899e-02, 3.9630071014319728e+00,
       -2.8753293961437777e+02, 8.0320064370970510e+02,
       -5.3129718227767860e-02, -2.2893996661910271e-01,
       -2.4338773394860513e-01, -4.1689317015047931e+02,
       -9.0313631948896315e+01, 8.2222706924840554e+02,
       -2.0585792636047368e-01, -5.1261386012949295e-01,
       -1.3167371175667029e+00, -3.1976113468098822e+02,
       -4.6958860943432185e+01, 8.2255597760342903e+02,
       -1.0998552820795947e-01, -2.2994776231607844e-01,
       -1.4778509812522420e+00, -2.5128406700397048e+02,
       1.0786957462182187e+02, 7.4528156561903245e+02,
       1.7382683690173571e-02, -7.9169254043244930e-02,
       -1.4658452995676148e+00, -1.1431227524005435e+02,
       1.5337969891242059e+02, 8.0440400676056072e+02,
       -1.9217471179711121e-01, -1.7552128450115226e-01,
       1.2535116078487799e-01, -1.3582247382794475e+02,
       -1.9780370391011567e+02, 8.2165732347030576e+02 ]
Image_points: !!opencv-matrix
   rows: 9
   cols: 54
   dt: "2f"
   data: [ 8.97924805e+02, 3.85030731e+02, 9.53906250e+02,
       3.84693146e+02, 1.00986432e+03, 3.83970062e+02, 1.06575488e+03,
       3.83747772e+02, 1.12179895e+03, 3.83235046e+02, 1.17767029e+03,
       3.82717590e+02, 1.23429590e+03, 3.81793152e+02, 1.29030371e+03,
       3.81474487e+02, 1.34664697e+03, 3.80827789e+02, 8.97977173e+02,
       4.39985779e+02, 9.54409729e+02, 4.39356140e+02, 1.01080371e+03,
       4.38876984e+02, 1.06736609e+03, 4.38431976e+02, 1.12357141e+03,
       4.38007996e+02, 1.18017578e+03, 4.37196869e+02, 1.23675537e+03,
       4.36720428e+02, 1.29337146e+03, 4.36074921e+02, 1.34989709e+03,
       4.35607513e+02, 8.98191895e+02, 4.95663727e+02, 9.54912109e+02,
       4.95217865e+02, 1.01174487e+03, 4.94505981e+02, 1.06866455e+03,
       4.93932739e+02, 1.12550415e+03, 4.93340790e+02, 1.18219067e+03,
       4.92752319e+02, 1.23947937e+03, 4.92100555e+02, 1.29651868e+03,
       4.91702759e+02, 1.35406116e+03, 4.91043030e+02, 8.98419495e+02,
       5.52354614e+02, 9.55448730e+02, 5.51592285e+02, 1.01260834e+03,
       5.51022156e+02, 1.07007446e+03, 5.50497620e+02, 1.12739661e+03,
       5.50011108e+02, 1.18482764e+03, 5.49283630e+02, 1.24247021e+03,
       5.48786194e+02, 1.30026648e+03, 5.48249084e+02, 1.35794019e+03,
       5.47607849e+02, 8.98654907e+02, 6.09359558e+02, 9.56075684e+02,
       6.08765991e+02, 1.01356927e+03, 6.08122681e+02, 1.07150061e+03,
       6.07590393e+02, 1.12941052e+03, 6.06874084e+02, 1.18689636e+03,
       6.06427795e+02, 1.24534875e+03, 6.05812927e+02, 1.30340588e+03,
       6.05282410e+02, 1.36236072e+03, 6.04611572e+02, 8.98875244e+02,
       6.67180298e+02, 9.56725342e+02, 6.66533081e+02, 1.01474615e+03,
       6.65922913e+02, 1.07324658e+03, 6.65426636e+02, 1.13124976e+03,
       6.64917542e+02, 1.18946741e+03, 6.64350159e+02, 1.24823193e+03,
       6.63826721e+02, 1.30733801e+03, 6.63361328e+02, 1.36599634e+03,
       6.62766785e+02, 8.85318665e+02, 3.37977264e+02, 9.51941650e+02,
       3.34935181e+02, 1.01857098e+03, 3.31135437e+02, 1.08603552e+03,
       3.28606384e+02, 1.15353479e+03, 3.24809937e+02, 1.22134668e+03,
       3.21418152e+02, 1.29009119e+03, 3.16788727e+02, 1.35849475e+03,
       3.13560699e+02, 1.42750684e+03, 3.09961243e+02, 8.84501587e+02,
       3.87412720e+02, 9.53454895e+02, 3.83322815e+02, 1.02278821e+03,
       3.80603394e+02, 1.09270496e+03, 3.76880798e+02, 1.16293726e+03,
       3.73522125e+02, 1.23330750e+03, 3.69056549e+02, 1.30457910e+03,
       3.65925293e+02, 1.37577209e+03, 3.62086273e+02, 1.44768103e+03,
       3.58819244e+02, 8.83445312e+02, 4.40403625e+02, 9.55177979e+02,
       4.36913391e+02, 1.02738354e+03, 4.33165924e+02, 1.10010779e+03,
       4.29607788e+02, 1.17287146e+03, 4.25711456e+02, 1.24613062e+03,
       4.22276459e+02, 1.32045374e+03, 4.17794586e+02, 1.39479053e+03,
       4.14293610e+02, 1.46989954e+03, 4.10068085e+02, 8.82426453e+02,
       4.98365265e+02, 9.57208862e+02, 4.94217041e+02, 1.03231897e+03,
       4.90648407e+02, 1.10788086e+03, 4.86871796e+02, 1.18407349e+03,
       4.82785645e+02, 1.26033423e+03, 4.77982300e+02, 1.33800305e+03,
       4.74640778e+02, 1.41550793e+03, 4.70428192e+02, 1.49393945e+03,
       4.66594238e+02, 8.81432007e+02, 5.60470032e+02, 9.59333008e+02,
       5.56435547e+02, 1.03753491e+03, 5.52159668e+02, 1.11654590e+03,
       5.47915894e+02, 1.19600916e+03, 5.43510132e+02, 1.27549158e+03,
       5.40015991e+02, 1.35659717e+03, 5.35978577e+02, 1.43804883e+03,
       5.32012390e+02, 1.52039368e+03, 5.27364868e+02, 8.80369751e+02,
       6.28000732e+02, 9.61431885e+02, 6.22794250e+02, 1.04326526e+03,
       6.18461487e+02, 1.12603308e+03, 6.14512207e+02, 1.20873511e+03,
       6.11548706e+02, 1.29215332e+03, 6.07348755e+02, 1.37719202e+03,
       6.03245544e+02, 1.46287878e+03, 5.98354004e+02, 1.54850195e+03,
       5.94807251e+02, 7.51447449e+02, 1.48858627e+02, 8.03617676e+02,
       1.44646683e+02, 8.56440186e+02, 1.40421677e+02, 9.10431641e+02,
       1.35957321e+02, 9.64718628e+02, 1.31550552e+02, 1.01970483e+03,
       1.26926842e+02, 1.07590967e+03, 1.22297150e+02, 1.13275940e+03,
       1.17404152e+02, 1.19059387e+03, 1.12424118e+02, 7.58779846e+02,
       2.05406570e+02, 8.10142700e+02, 2.01752426e+02, 8.61989563e+02,
       1.97741852e+02, 9.14860901e+02, 1.93805878e+02, 9.68393433e+02,
       1.89896378e+02, 1.02223639e+03, 1.85796875e+02, 1.07753638e+03,
       1.81550186e+02, 1.13324121e+03, 1.77083832e+02, 1.19006702e+03,
       1.72577652e+02, 7.65859314e+02, 2.59954895e+02, 8.16457764e+02,
       2.56491669e+02, 8.67390991e+02, 2.53137680e+02, 9.19324829e+02,
       2.49622437e+02, 9.71605530e+02, 2.45890991e+02, 1.02477393e+03,
       2.42343521e+02, 1.07909192e+03, 2.38716537e+02, 1.13367505e+03,
       2.34781509e+02, 1.18945142e+03, 2.30741516e+02, 7.72840149e+02,
       3.12644684e+02, 8.22471680e+02, 3.09566132e+02, 8.72550354e+02,
       3.06652863e+02, 9.23563904e+02, 3.03403656e+02, 9.75180725e+02,
       3.00338226e+02, 1.02725452e+03, 2.97096344e+02, 1.08051794e+03,
       2.93741211e+02, 1.13424292e+03, 2.90537231e+02, 1.18903577e+03,
       2.87003479e+02, 7.79485535e+02, 3.63028107e+02, 8.28064270e+02,
       3.60502106e+02, 8.77463440e+02, 3.57660065e+02, 9.27767761e+02,
       3.54987274e+02, 9.78515259e+02, 3.52106018e+02, 1.02969092e+03,
       3.49417267e+02, 1.08201526e+03, 3.46466248e+02, 1.13476147e+03,
       3.43734833e+02, 1.18850464e+03, 3.40627045e+02, 7.85648621e+02,
