%YAML:1.0
---
calibration_Time: "czw, 12 kwi 2018, 16:56:53"
board_Width: 9
board_Height: 6
square_Size: 50
Rotation: !!opencv-matrix
   rows: 3
   cols: 3
   dt: d
   data: [ 9.9985909679999585e-01, 1.0662933757563579e-02,
       -1.2964890665882937e-02, -1.0764298547134040e-02,
       9.9991184411078449e-01, -7.7739233182748486e-03,
       1.2880854905038540e-02, 7.9123859013612644e-03,
       9.9988573233458189e-01 ]
Translation: !!opencv-matrix
   rows: 3
   cols: 1
   dt: d
   data: [ -1.0573115585423334e+02, -6.5658346773120302e+00,
       2.2062113178752480e+01 ]
Essential: !!opencv-matrix
   rows: 3
   cols: 3
   dt: d
   data: [ 1.5290960902782527e-01, -2.2112119691278668e+01,
       -6.3935752386212092e+00, 2.3420912233907138e+01,
       1.0718325582925745e+00, 1.0543304131667105e+02,
       7.7030312575438256e+00, -1.0565182396994393e+02,
       7.3682056924176353e-01 ]
Fundamental: !!opencv-matrix
   rows: 3
   cols: 3
   dt: d
   data: [ -1.3477973969958640e-07, 1.9512831516150493e-05,
       -4.3701772447529543e-03, -2.0579382480673758e-05,
       -9.4287812502012970e-07, -7.8422772192332152e-02,
       1.8108243940448956e-03, 2.9947265394897258e-02, 1. ]
