%YAML:1.0
---
calibration_Time: "czw, 12 kwi 2018, 16:56:53"
nrOfFrames: 9
image_Width: 512
image_Height: 424
board_Width: 9
board_Height: 6
square_Size: 50
Camera_Matrix: !!opencv-matrix
   rows: 3
   cols: 3
   dt: d
   data: [ 3.7507501040699867e+02, 0., 2.6750988430746986e+02, 0.,
       3.7625253369560301e+02, 2.0998791483203388e+02, 0., 0., 1. ]
Distortion_Coefficients: !!opencv-matrix
   rows: 5
   cols: 1
   dt: d
   data: [ 1.2792030706406216e-01, -3.3725276791557901e-01,
       2.5781654159527066e-03, 6.1745973255900918e-03,
       1.7692617762630422e-01 ]
Avg_Reprojection_Error: 7.4179441033016791e-01
Per_View_Reprojection_Errors: !!opencv-matrix
   rows: 9
   cols: 1
   dt: f
   data: [ 2.68800795e-01, 1.18129861e+00, 1.59027979e-01,
       8.37997317e-01, 2.93407708e-01, 1.42311752e-01, 6.92826331e-01,
       1.14319801e+00, 9.29424584e-01 ]
Extrinsic_Parameters: !!opencv-matrix
   rows: 9
   cols: 6
   dt: d
   data: [ -1.4587357459279818e-01, -1.3285825095386231e-02,
       -2.1795481282783857e-02, -1.6912244257018889e+02,
       -1.4975155537216642e+02, 9.7399341957864249e+02,
       -6.1606401578966608e-01, 2.3405745858312840e-02,
       -5.6193729822263311e-02, -1.6839209298475348e+02,
       -1.5919905401608625e+02, 8.1174354492466296e+02,
       3.6707439623075055e-01, 1.1118676774559259e-01,
       -6.2394237442891423e-02, -3.1158803676295520e+02,
       -3.7425957010261942e+02, 1.0144123565207984e+03,
       -1.0270412779062002e-01, -2.3999411397997597e-01,
       1.0829547627273464e-02, -1.1550611792920613e+02,
       -3.0050935688003369e+02, 8.2747070566551497e+02,
       -5.0538591671524725e-02, -2.3551795188489313e-01,
       -2.5522403158948381e-01, -5.3533805875963310e+02,
       -9.9358402923906482e+01, 8.4271566295750881e+02,
       -1.9904979819317781e-01, -5.1787671487784348e-01,
       -1.3299197268553100e+00, -4.3741832207878412e+02,
       -5.6706814158939423e+01, 8.4279444933610932e+02,
       -9.4186481557360119e-02, -2.3940817760613625e-01,
       -1.4911123503794916e+00, -3.6622177333393950e+02,
       9.8201351807706871e+01, 7.6608978899231420e+02,
       4.1499681380418034e-02, -7.6636234156978206e-02,
       -1.4726935433365342e+00, -2.2912167759641241e+02,
       1.3988209156709763e+02, 8.2073643630182880e+02,
       -1.8730362565504000e-01, -1.7716334557675420e-01,
       1.1355828604362291e-01, -2.5522657619709443e+02,
       -2.0909112477918680e+02, 8.4186188045969527e+02 ]
Image_points: !!opencv-matrix
   rows: 9
   cols: 54
   dt: "2f"
   data: [ 2.02326965e+02, 1.51998215e+02, 2.21562805e+02,
       1.51644455e+02, 2.40750992e+02, 1.51168198e+02, 2.60118042e+02,
       1.51102203e+02, 2.79428162e+02, 1.50520004e+02, 2.98658356e+02,
       1.50271469e+02, 3.18244629e+02, 1.49695114e+02, 3.37532074e+02,
       1.49310669e+02, 3.56996307e+02, 1.48840317e+02, 2.02201950e+02,
       1.70989212e+02, 2.21565811e+02, 1.70368317e+02, 2.41221375e+02,
       1.70191040e+02, 2.60442810e+02, 1.69719788e+02, 2.79992584e+02,
       1.69523758e+02, 2.99308411e+02, 1.68987946e+02, 3.18555206e+02,
       1.68758163e+02, 3.38313324e+02, 1.68279404e+02, 3.57902832e+02,
       1.67770157e+02, 2.02172150e+02, 1.89959122e+02, 2.21890747e+02,
       1.89655609e+02, 2.41292160e+02, 1.89241074e+02, 2.61008911e+02,
       1.88947754e+02, 2.80293579e+02, 1.88438721e+02, 2.99986908e+02,
       1.88066177e+02, 3.19365601e+02, 1.87362686e+02, 3.39328278e+02,
       1.87244919e+02, 3.58975433e+02, 1.86597763e+02, 2.02377441e+02,
       2.09506073e+02, 2.21890182e+02, 2.09229538e+02, 2.41691025e+02,
       2.08654572e+02, 2.61045258e+02, 2.08258148e+02, 2.80857483e+02,
       2.08212631e+02, 3.00376160e+02, 2.07255783e+02, 3.20553528e+02,
       2.07144714e+02, 3.40576111e+02, 2.06978500e+02, 3.60399750e+02,
       2.06335190e+02, 2.02207733e+02, 2.29319046e+02, 2.22502243e+02,
       2.28456085e+02, 2.42073883e+02, 2.28518372e+02, 2.61567017e+02,
       2.28208038e+02, 2.81314240e+02, 2.27369766e+02, 3.01704895e+02,
       2.26835831e+02, 3.21458740e+02, 2.26858444e+02, 3.41301178e+02,
       2.26544785e+02, 3.61170197e+02, 2.25555130e+02, 2.02381546e+02,
       2.49180939e+02, 2.21991501e+02, 2.48653595e+02, 2.42042786e+02,
       2.48323624e+02, 2.61596619e+02, 2.47419815e+02, 2.82083954e+02,
       2.47472733e+02, 3.02128815e+02, 2.47006531e+02, 3.22855774e+02,
       2.46292847e+02, 3.42274048e+02, 2.46083374e+02, 3.62665710e+02,
       2.46193771e+02, 1.89652481e+02, 1.35468231e+02, 2.12810913e+02,
       1.34538010e+02, 2.35593414e+02, 1.32889343e+02, 2.58949554e+02,
       1.32066544e+02, 2.82327087e+02, 1.30628479e+02, 3.05458771e+02,
       1.28912598e+02, 3.28867889e+02, 1.26931313e+02, 3.52542480e+02,
       1.25589737e+02, 3.76279114e+02, 1.24284424e+02, 1.88024170e+02,
       1.52812729e+02, 2.11589493e+02, 1.51208893e+02, 2.35662598e+02,
       1.50198166e+02, 2.59508545e+02, 1.48632141e+02, 2.83706635e+02,
       1.47152939e+02, 3.07032318e+02, 1.44725632e+02, 3.32664124e+02,
       1.43548141e+02, 3.57088776e+02, 1.42719666e+02, 3.81685516e+02,
       1.40579819e+02, 1.85920517e+02, 1.71014801e+02, 2.11524765e+02,
       1.69031448e+02, 2.35317001e+02, 1.68254288e+02, 2.61073486e+02,
       1.66043396e+02, 2.85422150e+02, 1.65915359e+02, 3.11221710e+02,
       1.62901199e+02, 3.36446075e+02, 1.61547745e+02, 3.61177551e+02,
       1.60460159e+02, 3.85932068e+02, 1.57702148e+02, 1.82993347e+02,
       1.91912552e+02, 2.09082474e+02, 1.89044449e+02, 2.35999817e+02,
       1.88628357e+02, 2.62020142e+02, 1.87453491e+02, 2.86506775e+02,
       1.85844788e+02, 3.11917084e+02, 1.81955032e+02, 3.39534119e+02,
       1.81538940e+02, 3.67891815e+02, 1.80734619e+02, 3.93312561e+02,
       1.78054138e+02, 1.81270340e+02, 2.12299667e+02, 2.09701706e+02,
       2.09809174e+02, 2.34013229e+02, 2.08255356e+02, 263.,
       2.08500000e+02, 2.87805054e+02, 2.04411911e+02, 3.14952698e+02,
       2.05528351e+02, 3.42276489e+02, 2.01286652e+02, 3.73074005e+02,
       1.99730377e+02, 3.98231476e+02, 1.97946320e+02, 1.80056961e+02,
       2.34730240e+02, 2.05534866e+02, 2.32850876e+02, 2.35835129e+02,
       2.30513809e+02, 2.64379761e+02, 2.31697708e+02, 2.92490601e+02,
       2.27557220e+02, 3.21366119e+02, 2.28739487e+02, 3.50039032e+02,
       2.24230850e+02, 3.76231018e+02, 2.22141617e+02, 4.06255493e+02,
       2.23488113e+02, 1.51953369e+02, 7.04402390e+01, 1.69817184e+02,
       6.87283554e+01, 1.87748215e+02, 6.70141449e+01, 2.06181473e+02,
       6.53672409e+01, 2.24637573e+02, 6.35890617e+01, 2.43388199e+02,
       6.19833450e+01, 2.62530884e+02, 5.99632187e+01, 2.81918762e+02,
       5.79658165e+01, 3.01413910e+02, 5.61472054e+01, 1.55366684e+02,
       8.99156036e+01, 1.72782074e+02, 8.83425980e+01, 1.90585388e+02,
       8.69590912e+01, 2.08520111e+02, 8.53278351e+01, 2.26841675e+02,
       8.38704376e+01, 2.45244766e+02, 8.22561264e+01, 2.64251495e+02,
       8.06178360e+01, 2.83053192e+02, 7.88771362e+01, 3.02516388e+02,
       7.69305954e+01, 1.58702454e+02, 1.08647911e+02, 1.75988831e+02,
       1.07472229e+02, 1.93499512e+02, 1.06022575e+02, 2.11198700e+02,
       1.04781555e+02, 2.28924255e+02, 1.03275780e+02, 2.47057129e+02,
       1.02068886e+02, 2.65534241e+02, 1.00482346e+02, 2.84262512e+02,
       9.89954147e+01, 3.03195190e+02, 9.73680878e+01, 1.62022705e+02,
       1.26982452e+02, 1.78934067e+02, 1.25774834e+02, 1.96129364e+02,
       1.24645119e+02, 2.13493256e+02, 1.23419952e+02, 2.31318481e+02,
       1.22170959e+02, 2.48924911e+02, 1.21003006e+02, 2.66960419e+02,
       1.19914795e+02, 2.85272644e+02, 1.18318291e+02, 3.03760895e+02,
       1.17054840e+02, 1.65063751e+02, 1.44446381e+02, 1.81800583e+02,
       1.43472397e+02, 1.98794357e+02, 1.42472565e+02, 2.15962357e+02,
       1.41386688e+02, 2.33103119e+02, 1.40203033e+02, 2.50579224e+02,
       1.39141525e+02, 2.68324585e+02, 1.37875381e+02, 2.86245941e+02,
       1.36842697e+02, 3.04465820e+02, 1.35516357e+02, 1.68261917e+02,
