%YAML:1.0
---
calibration_Time: "czw, 12 kwi 2018, 17:01:49"
nrOfFrames: 14
image_Width: 1920
image_Height: 1080
board_Width: 9
board_Height: 6
square_Size: 50
Camera_Matrix: !!opencv-matrix
   rows: 3
   cols: 3
   dt: d
   data: [ 1.0613594194030779e+03, 0., 9.3597639709852422e+02, 0.,
       1.0607431998220150e+03, 5.3149824193723123e+02, 0., 0., 1. ]
Distortion_Coefficients: !!opencv-matrix
   rows: 5
   cols: 1
   dt: d
   data: [ 4.8803773481134828e-02, -5.3863132398144206e-02,
       9.3191209870569544e-04, -2.6483270393444494e-03,
       4.6753571502726587e-03 ]
Avg_Reprojection_Error: 3.6116535874830558e-01
Per_View_Reprojection_Errors: !!opencv-matrix
   rows: 14
   cols: 1
   dt: f
   data: [ 2.91828483e-01, 4.56868798e-01, 4.75290179e-01,
       3.69712263e-01, 3.62872273e-01, 3.57567936e-01, 4.08560812e-01,
       2.86420405e-01, 3.83839995e-01, 4.31385338e-01, 2.74955451e-01,
       2.67344564e-01, 2.85897881e-01, 3.14575255e-01 ]
Extrinsic_Parameters: !!opencv-matrix
   rows: 14
   cols: 6
   dt: d
   data: [ 1.8519166765011125e-01, 3.5140075738247073e-01,
       3.1161769618907744e+00, 4.1678099963161475e+02,
       2.4010677343192378e+02, 7.2513958186718105e+02,
       -4.2886804022804653e-01, 3.8597452648257369e-01,
       2.0136809319124716e+00, 4.1955333130955927e+02,
       -1.3687683206680751e+02, 8.4028956635032227e+02,
       2.1963283028362496e-01, -2.6316377464914137e-01,
       1.5866078518966156e+00, 3.0553517524591388e+02,
       -1.4536374204211828e+02, 7.5780986810640923e+02,
       -6.2798679127225798e-01, 3.1663754226877500e-01,
       1.5745413985332199e+00, 4.6981022590108626e+02,
       5.1504077849219236e+01, 1.1383578171518375e+03,
       2.4604331959371334e-01, -2.7678113445041036e-01,
       1.5978922903845749e+00, 4.2585007009637098e+02,
       -3.2924048756218201e+02, 8.2266060555082743e+02,
       -2.2654023982270652e-01, 1.9941369731475250e-01,
       1.6063470208897215e+00, 3.8767338144317085e+02,
       -2.7019199665936835e+01, 8.2274836770533295e+02,
       -1.2762643283070546e-01, 1.8868417999400544e-01,
       1.5739894952870248e+00, 5.5357623762273784e+02,
       -1.0953121166726697e+02, 7.9469924353484646e+02,
       2.7558495820732973e-02, 4.1028325055246492e-02,
       1.5416461551481142e+00, 1.7196401130880020e+02,
       -1.7160044589149948e+02, 7.8710467699124194e+02,
       -1.0621062208117778e-01, 2.4454010002138071e-01,
       2.9255104491461528e+00, 4.3380628760821094e+02,
       1.8819569161049000e+02, 7.8580021066151687e+02,
       -7.2471943577309614e-02, -7.2213599508399839e-01,
       2.9508389755173261e+00, 4.2255295895267562e+02,
       -1.1428102332369354e+01, 8.1785426051173761e+02,
       1.6295466585526396e-02, 1.8755977343177613e-01,
       3.1349993617417047e+00, 3.4982697154878559e+02,
       3.5665426846776114e+02, 8.2801379180347419e+02,
       7.0498470404703728e-01, 5.7612825052753704e-02,
       -3.0530093043938105e+00, 9.9658372963517223e+01,
       9.5585757272524205e+01, 1.0049205286479389e+03,
       -6.3518994305342202e-01, -6.7701972853839432e-01,
       2.9465660482274654e+00, 1.6389647397296011e+02,
       7.0522215330734869e-02, 9.5736372290276472e+02,
       -2.6747874777078084e-01, -1.0204271078008091e+00,
       2.9482042294588346e+00, 3.7155892090407121e+02,
       -1.1559662194891723e+02, 8.9814142458072376e+02 ]
Image_points: !!opencv-matrix
   rows: 14
   cols: 54
   dt: "2f"
   data: [ 1.54984424e+03, 8.86292664e+02, 1.47247766e+03,
       8.84403992e+02, 1.39632263e+03, 8.82359436e+02, 1.32077808e+03,
       8.80365234e+02, 1.24660583e+03, 8.78071533e+02, 1.17411804e+03,
       8.76141052e+02, 1.10208215e+03, 8.74325623e+02, 1.03187927e+03,
       8.72413025e+02, 9.62449463e+02, 8.70821167e+02, 1.54161816e+03,
       8.09821960e+02, 1.46529529e+03, 8.08414124e+02, 1.39025256e+03,
       8.07168396e+02, 1.31579590e+03, 8.05582458e+02, 1.24274817e+03,
       8.03860107e+02, 1.17124548e+03, 8.02594727e+02, 1.10055859e+03,
       8.01335876e+02, 1.03143274e+03, 7.99939636e+02, 9.63169617e+02,
       7.98815308e+02, 1.53326257e+03, 7.35624207e+02, 1.45818896e+03,
       7.34828735e+02, 1.38417029e+03, 7.34183105e+02, 1.31073376e+03,
       7.33255005e+02, 1.23888171e+03, 7.32360046e+02, 1.16868347e+03,
       7.31478394e+02, 1.09899634e+03, 7.30750000e+02, 1.03094507e+03,
       7.30038269e+02, 9.63816833e+02, 7.29479980e+02, 1.52541565e+03,
       6.63551331e+02, 1.45131311e+03, 6.63497192e+02, 1.37813708e+03,
       6.63296631e+02, 1.30586096e+03, 6.62958557e+02, 1.23528186e+03,
       6.62550293e+02, 1.16604907e+03, 6.62344971e+02, 1.09755847e+03,
       6.62220825e+02, 1.03053503e+03, 6.62085510e+02, 9.64392212e+02,
       6.61974121e+02, 1.51742224e+03, 5.94295898e+02, 1.44440491e+03,
       5.94600098e+02, 1.37260596e+03, 5.95030151e+02, 1.30138159e+03,
       5.95414551e+02, 1.23187134e+03, 5.95830444e+02, 1.16376147e+03,
       5.96124573e+02, 1.09625574e+03, 5.96458374e+02, 1.03015637e+03,
       5.96750488e+02, 9.64905334e+02, 5.97068787e+02, 1.51031311e+03,
       5.26771606e+02, 1.43838721e+03, 5.27526855e+02, 1.36757214e+03,
       5.28556396e+02, 1.29723145e+03, 5.29539490e+02, 1.22846667e+03,
       5.30602661e+02, 1.16138306e+03, 5.31649841e+02, 1.09498621e+03,
       5.32493347e+02, 1.02972021e+03, 5.33091858e+02, 9.65481567e+02,
       5.33960266e+02, 1.46940076e+03, 3.57392639e+02, 1.45515466e+03,
       4.03562225e+02, 1.44049792e+03, 4.51908936e+02, 1.42439209e+03,
       5.03920074e+02, 1.40806421e+03, 5.58072510e+02, 1.39070068e+03,
       6.15694946e+02, 1.37282471e+03, 6.77146851e+02, 1.35305920e+03,
       7.42703674e+02, 1.33219299e+03, 8.12817139e+02, 1.40973889e+03,
       3.30270050e+02, 1.39437732e+03, 3.74758972e+02, 1.37768054e+03,
       4.22446381e+02, 1.36029993e+03, 4.72844666e+02, 1.34188757e+03,
       5.26117004e+02, 1.32326892e+03, 5.81723267e+02, 1.30237134e+03,
       6.42288879e+02, 1.28061169e+03, 7.06058350e+02, 1.25728040e+03,
       7.74558777e+02, 1.35092822e+03, 3.03514160e+02, 1.33372729e+03,
       3.47325256e+02, 1.31581006e+03, 3.93416901e+02, 1.29677881e+03,
       4.42624298e+02, 1.27697449e+03, 4.94357056e+02, 1.25584314e+03,
       5.49103210e+02, 1.23337646e+03, 6.07835999e+02, 1.20950305e+03,
       6.70121155e+02, 1.18400757e+03, 7.36645142e+02, 1.29250562e+03,
       2.76877747e+02, 1.27403088e+03, 3.19539001e+02, 1.25468054e+03,
       3.64641327e+02, 1.23408911e+03, 4.12420929e+02, 1.21242554e+03,
       4.62912262e+02, 1.18980017e+03, 5.16074951e+02, 1.16521228e+03,
       5.73669006e+02, 1.13956128e+03, 6.34367310e+02, 1.11192297e+03,
       6.99306519e+02, 1.23532373e+03, 2.50944748e+02, 1.21552368e+03,
       2.92576538e+02, 1.19477808e+03, 3.36169830e+02, 1.17279260e+03,
       3.82773499e+02, 1.14964307e+03, 4.31949402e+02, 1.12484558e+03,
       4.84479706e+02, 1.09867444e+03, 5.40471069e+02, 1.07085742e+03,
       5.99538818e+02, 1.04136865e+03, 6.62730286e+02, 1.17909448e+03,
       2.24941833e+02, 1.15836243e+03, 2.64627380e+02, 1.13600745e+03,
       3.07556458e+02, 1.11221582e+03, 3.53428284e+02, 1.08701404e+03,
       4.02302948e+02, 1.06095215e+03, 4.53005035e+02, 1.03280298e+03,
       5.07541443e+02, 1.00349274e+03, 5.64760986e+02, 9.71379883e+02,
       6.26814087e+02, 1.36634534e+03, 3.28090698e+02, 1.35496094e+03,
       3.97519318e+02, 1.34473926e+03, 4.64545471e+02, 1.33418579e+03,
       5.28601624e+02, 1.32488672e+03, 5.90756592e+02, 1.31572473e+03,
       6.50120056e+02, 1.30726367e+03, 7.08545166e+02, 1.29883081e+03,
       7.63708191e+02, 1.29064844e+03, 8.17695435e+02, 1.29591345e+03,
       3.25626068e+02, 1.28645776e+03, 3.95646393e+02, 1.27716699e+03,
       4.62286987e+02, 1.26845972e+03, 5.27051086e+02, 1.25992358e+03,
       5.88847534e+02, 1.25254517e+03, 6.49024414e+02, 1.24463599e+03,
       7.06729736e+02, 1.23755530e+03, 7.62463135e+02, 1.23020679e+03,
       8.16071838e+02, 1.22562988e+03, 3.23487793e+02, 1.21731689e+03,
