%YAML:1.0
---
calibration_Time: "czw, 12 kwi 2018, 17:01:50"
board_Width: 9
board_Height: 6
square_Size: 50
Rotation: !!opencv-matrix
   rows: 3
   cols: 3
   dt: d
   data: [ 9.9998671145536366e-01, 3.0171174350108169e-05,
       5.1551917895882133e-03, -9.5793547735409840e-05,
       9.9991897073190172e-01, 1.2729603059422286e-02,
       -5.1543900010972829e-03, -1.2729927735634611e-02,
       9.9990568615423037e-01 ]
Translation: !!opencv-matrix
   rows: 3
   cols: 1
   dt: d
   data: [ -1.1709419757276504e+02, -1.1397861751479837e+01,
       -4.2217938486551114e+00 ]
Essential: !!opencv-matrix
   rows: 3
   cols: 3
   dt: d
   data: [ 5.8344604035146637e-02, 4.3665457162265850e+00,
       -1.1343045015412413e+01, -4.8252869083146779e+00,
       -1.4907280498416986e+00, 1.1706138981168871e+02,
       1.1408927159089920e+01, -1.1708436562876304e+02,
       -1.4318044923427771e+00 ]
Fundamental: !!opencv-matrix
   rows: 3
   cols: 3
   dt: d
   data: [ -1.2348354023225027e-08, -9.2469521221022131e-07,
       3.0510380178253235e-03, 1.0224542280982322e-06,
       3.1606134176222211e-07, -2.7451707190333002e-02,
       -1.0863479124333128e-03, 9.2021713208631471e-03, 1. ]
