%YAML:1.0
---
calibration_Time: "czw, 12 kwi 2018, 17:01:50"
nrOfFrames: 14
image_Width: 512
image_Height: 424
board_Width: 9
board_Height: 6
square_Size: 50
Camera_Matrix: !!opencv-matrix
   rows: 3
   cols: 3
   dt: d
   data: [ 3.6409340358099547e+02, 0., 2.5912046072329440e+02, 0.,
       3.6366411793429063e+02, 2.0577109338098617e+02, 0., 0., 1. ]
Distortion_Coefficients: !!opencv-matrix
   rows: 5
   cols: 1
   dt: d
   data: [ 1.0738801989591916e-01, -3.1199864763923402e-01,
       5.5748168716444975e-06, 3.6754434711001963e-04,
       1.1910347528761486e-01 ]
Avg_Reprojection_Error: 5.7821029284105918e-01
Per_View_Reprojection_Errors: !!opencv-matrix
   rows: 14
   cols: 1
   dt: f
   data: [ 8.35554183e-01, 9.42719042e-01, 5.18603265e-01,
       1.43988863e-01, 1.81750610e-01, 6.25722468e-01, 3.78129393e-01,
       8.18730772e-01, 7.44602382e-01, 8.11465979e-01, 3.15582067e-01,
       1.73993096e-01, 3.69959533e-01, 2.94140309e-01 ]
Extrinsic_Parameters: !!opencv-matrix
   rows: 14
   cols: 6
   dt: d
   data: [ -1.9048578404587968e-01, -3.6574340558328905e-01,
       -3.1097908219281467e+00, 3.0532200400750372e+02,
       2.4176623031028493e+02, 7.1874188601235801e+02,
       -4.0770438588885805e-01, 4.0221846811467421e-01,
       2.0054864392415808e+00, 2.9300102336794384e+02,
       -1.5107061587506018e+02, 8.1552043675138691e+02,
       2.1043953498839044e-01, -2.6779384274168738e-01,
       1.5924631961019247e+00, 1.9685617421276910e+02,
       -1.4396838255417177e+02, 7.5719365328844503e+02,
       -6.3441653456896463e-01, 3.0909835405769698e-01,
       1.5740436644707378e+00, 3.5484236980585757e+02,
       5.2646552111459329e+01, 1.1342175925710992e+03,
       2.4097059056641246e-01, -2.8496184711856626e-01,
       1.6007224152657216e+00, 3.1379535790857551e+02,
       -3.2778945458453268e+02, 8.1787660639765386e+02,
       -2.3341355851908580e-01, 2.0465963794867609e-01,
       1.6080643937689609e+00, 2.7597591960227697e+02,
       -2.5882221211770219e+01, 8.1906731592197480e+02,
       -1.3091621425235156e-01, 1.8853944464373978e-01,
       1.5745058315911655e+00, 4.4268628654924942e+02,
       -1.1165366799948990e+02, 7.9084054183699368e+02,
       1.9294820845649058e-02, 3.4753886495246154e-02,
       1.5463243217165630e+00, 6.1308996854567930e+01,
       -1.7020148104441236e+02, 7.8242539468751863e+02,
       -1.2156172987382853e-01, 2.4807290113404393e-01,
       2.9265053901392695e+00, 3.2157949031071388e+02,
       1.8895655087637942e+02, 7.8018056215905744e+02,
       -8.7515758608405381e-02, -7.2437346851244122e-01,
       2.9521079986915870e+00, 3.1080306436806234e+02,
       -1.1008679060072806e+01, 8.1478917509255677e+02,
       -8.6555608481864756e-03, -1.8860853342474834e-01,
       -3.1340019897396409e+00, 2.3705804807557882e+02,
       3.5777002177455051e+02, 8.2252818445411503e+02,
       7.2301158902904239e-01, 6.4204404865552636e-02,
       -3.0461094769458246e+00, -1.3141951277247598e+01,
       9.5858431046272244e+01, 1.0004980830861673e+03,
       -6.4694160291547487e-01, -6.7757261982698436e-01,
       2.9470481167549050e+00, 5.1723891736618768e+01,
       9.5533443252318040e-01, 9.5273156206690874e+02,
       -2.7921440688078114e-01, -1.0264453495887447e+00,
       2.9452672111628049e+00, 2.6045486067903448e+02,
       -1.1696248223972108e+02, 8.9534546330412365e+02 ]
Image_points: !!opencv-matrix
   rows: 14
   cols: 54
   dt: "2f"
   data: [ 4.14998291e+02, 3.28831604e+02, 3.89081116e+02,
       3.28364166e+02, 3.62516907e+02, 3.27066620e+02, 3.36757812e+02,
       3.27561188e+02, 3.11433594e+02, 3.25053009e+02, 2.87041626e+02,
       3.26513336e+02, 2.62365509e+02, 3.23660492e+02, 2.38548065e+02,
       3.24762177e+02, 2.15113617e+02, 3.22795959e+02, 4.13046051e+02,
       3.03085968e+02, 3.86682220e+02, 3.01392456e+02, 3.61451141e+02,
       3.02453705e+02, 3.37709747e+02, 3.01923859e+02, 3.11247772e+02,
       3.01537079e+02, 2.86899292e+02, 2.98753296e+02, 2.62724152e+02,
       3.00467621e+02, 2.39395325e+02, 2.97906952e+02, 2.16074585e+02,
       2.99475586e+02, 4.11345093e+02, 2.77111786e+02, 3.85909912e+02,
       2.77014771e+02, 3.61698853e+02, 2.77450165e+02, 3.35160706e+02,
       2.76760345e+02, 3.10391632e+02, 2.74465759e+02, 2.86721252e+02,
       2.76287964e+02, 2.63338013e+02, 2.73965057e+02, 2.40942261e+02,
       2.74577667e+02, 2.18675827e+02, 2.75203888e+02, 4.09347107e+02,
       2.52520706e+02, 3.83558868e+02, 2.51405106e+02, 3.59397675e+02,
       2.52079437e+02, 3.34432709e+02, 2.51146545e+02, 3.10382599e+02,
       2.52418045e+02, 2.86695770e+02, 2.50448273e+02, 2.64451294e+02,
       2.51012833e+02, 2.41087173e+02, 2.50523148e+02, 2.18318176e+02,
       2.51747131e+02, 4.07674927e+02, 2.28316986e+02, 3.82710510e+02,
       2.28637085e+02, 3.58497345e+02, 2.28447052e+02, 3.34869354e+02,
       2.27649460e+02, 3.09979340e+02, 2.27648361e+02, 2.87450989e+02,
       2.28563370e+02, 2.64455750e+02, 2.28386948e+02, 2.41647781e+02,
       2.29081131e+02, 2.19916489e+02, 2.28527618e+02, 4.05791809e+02,
       2.05240463e+02, 3.81493195e+02, 2.04928421e+02, 3.57048767e+02,
       2.05469727e+02, 3.34451324e+02, 2.06468933e+02, 3.09681244e+02,
       2.06452164e+02, 2.87301697e+02, 2.05962509e+02, 2.64916565e+02,
       2.06469955e+02, 2.42733826e+02, 2.06512817e+02, 2.20501877e+02,
       2.07265869e+02, 3.91500427e+02, 1.37652939e+02, 3.84993927e+02,
       1.53932526e+02, 3.78335663e+02, 1.70887711e+02, 3.70608521e+02,
       1.89032608e+02, 3.62947998e+02, 2.08729660e+02, 3.54557953e+02,
       2.27573044e+02, 3.45709198e+02, 2.51254364e+02, 3.36730621e+02,
       2.72382324e+02, 3.26468689e+02, 2.99564636e+02, 3.70441559e+02,
       1.28505692e+02, 3.63493103e+02, 1.44282425e+02, 3.56013214e+02,
       1.60910324e+02, 3.47919159e+02, 1.78981689e+02, 3.39958221e+02,
       1.97475922e+02, 3.31479065e+02, 2.17017105e+02, 3.22851135e+02,
       2.39654663e+02, 3.13826050e+02, 2.60345001e+02, 3.00674957e+02,
       2.83490601e+02, 3.49637085e+02, 1.19526779e+02, 3.42284393e+02,
       1.34815063e+02, 3.34313354e+02, 1.51208725e+02, 3.25906799e+02,
       1.68565994e+02, 3.16720886e+02, 1.86725342e+02, 3.07312592e+02,
       2.04722549e+02, 2.98012848e+02, 2.26483002e+02, 2.88157043e+02,
       2.49844727e+02, 2.74476959e+02, 2.72764740e+02, 3.29294617e+02,
       1.10480370e+02, 3.21152893e+02, 1.25545021e+02, 3.12753387e+02,
       1.41463821e+02, 3.03691010e+02, 1.58327927e+02, 2.94469269e+02,
       1.75676117e+02, 2.83814789e+02, 1.94928574e+02, 2.73992554e+02,
       2.14423843e+02, 2.64437042e+02, 2.35293182e+02, 2.51466171e+02,
       2.60605835e+02, 3.09112732e+02, 1.01673470e+02, 3.00629211e+02,
       1.16468208e+02, 2.91754486e+02, 1.31731644e+02, 2.82503357e+02,
       1.47987854e+02, 2.71781677e+02, 1.65609970e+02, 2.61985565e+02,
       1.83425720e+02, 2.52394287e+02, 2.02568146e+02, 2.39484283e+02,
       2.25416306e+02, 2.24266235e+02, 2.46706635e+02, 2.89479218e+02,
       9.29919205e+01, 2.80576904e+02, 1.06842659e+02, 2.71404083e+02,
       1.21995438e+02, 2.61184906e+02, 1.38231979e+02, 2.50773666e+02,
       1.55211212e+02, 2.38640640e+02, 1.73372589e+02, 2.27956924e+02,
       1.92049942e+02, 2.13654297e+02, 2.12420303e+02, 2.02343704e+02,
       2.35390121e+02, 3.54537201e+02, 1.36500137e+02, 3.52151093e+02,
       1.59868683e+02, 3.48630463e+02, 1.83601227e+02, 3.46503937e+02,
       2.05102432e+02, 3.43803711e+02, 2.26688431e+02, 3.41546631e+02,
       2.47023285e+02, 3.39357147e+02, 2.67398254e+02, 3.37074921e+02,
       2.86382812e+02, 3.35038086e+02, 3.05106445e+02, 3.30808807e+02,
       1.34682480e+02, 3.27505615e+02, 1.59705063e+02, 3.25928101e+02,
       1.82000427e+02, 3.23302368e+02, 2.04929855e+02, 3.21717896e+02,
       2.26039886e+02, 3.19356079e+02, 2.46896179e+02, 3.17794006e+02,
       2.66723114e+02, 3.15809296e+02, 2.86008759e+02, 3.14006226e+02,
       3.04403931e+02, 3.05498505e+02, 1.34772217e+02, 3.04936005e+02,
